Id	Globisporangium sylvaticum	Globisporangium heterothallicum	Pythium monospermum	Pythium arrhenomanes	Pythium aff._hydnosporum	Globisporangium ultimum_var._ultimum	Globisporangium rostratifingens	Globisporangium apiculatum	Globisporangium attrantheridium	Globisporangium intermedium	Pythium sp._nov
year2019_soil_P1_adaptertrimmed_Pythium_R1.fastq	0.0983213429256595	0.851318944844125	0	0	0	0	0.013189448441247	0.00419664268585132	0.0191846522781775	0.01378896882494	0
year2019_soil_P10_adaptertrimmed_Pythium_R1.fastq	0.0315544260906396	0.095722151630665	0.246082168572639	0	0.182126217704363	0	0	0	0.438161795849216	0	0
year2019_soil_P11_adaptertrimmed_Pythium_R1.fastq	0.00411861614497529	0.213756177924217	0.191927512355848	0.230230642504119	0	0.129324546952224	0	0.0350082372322899	0.124382207578254	0.00782537067545305	0.0609555189456343
year2019_soil_P12_adaptertrimmed_Pythium_R1.fastq	0.00340102030609183	0.81924577373212	0.00210063018905672	0	0.0382114634390317	0	0.00760228068420526	0	0.0701210363108933	0.0119035710713214	0
year2019_soil_P13_adaptertrimmed_Pythium_R1.fastq	0.00491937687892867	0.753347909264826	0.00300628587045641	0	0.0225471440284231	0	0.00341623394370046	0	0.129816889860618	0.0207707023776988	0
year2019_soil_P14_adaptertrimmed_Pythium_R1.fastq	0	0.00231006160164271	0.00577515400410678	0.075847022587269	0	0	0.00693018480492813	0	0.0333675564681725	0	0.0150154004106776
year2019_soil_P15_adaptertrimmed_Pythium_R1.fastq	0.00804331013147718	0.065583913379737	0.0267594740912606	0	0.181283836040217	0.0929621036349575	0.00587780355761794	0.00324825986078886	0.0730085073472544	0.00262954369682908	0
year2019_soil_P16_adaptertrimmed_Pythium_R1.fastq	0	0	0	0.236842105263158	0.641052631578947	0	0.00842105263157895	0	0	0	0
year2019_soil_P17_adaptertrimmed_Pythium_R1.fastq	0.0832684824902724	0.336705577172503	0.0264591439688716	0	0	0	0	0.00881971465629053	0.224124513618677	0	0
year2019_soil_P18_adaptertrimmed_Pythium_R1.fastq	0	0.0516684607104413	0.0175816289917474	0.84642985288841	0	0	0	0	0.00753498385360603	0.00574094007893793	0
year2019_soil_P19_adaptertrimmed_Pythium_R1.fastq	0.140030441400304	0	0.037037037037037	0.0750887874175545	0.382039573820396	0	0.00101471334348047	0	0.291730086250634	0.0436326737696601	0
year2019_soil_P2_adaptertrimmed_Pythium_R1.fastq	0	0.620906471050563	0.127063138590516	0	0.0275085145402148	0	0	0	0.20225307833377	0.000785957558291852	0
year2019_soil_P20_adaptertrimmed_Pythium_R1.fastq	0.102857142857143	0.0451948051948052	0.00311688311688312	0.439480519480519	0	0.152727272727273	0.0462337662337662	0	0.0218181818181818	0	0.0207792207792208
year2019_soil_P21_adaptertrimmed_Pythium_R1.fastq	0.00461975835110163	0	0.0867093105899076	0	0	0.83226723525231	0.00426439232409382	0.0575692963752665	0	0	0
year2019_soil_P22_adaptertrimmed_Pythium_R1.fastq	0.0332458442694663	0	0.0384951881014873	0	0	0.244969378827647	0	0.188101487314086	0	0	0.172353455818023
year2019_soil_P23_adaptertrimmed_Pythium_R1.fastq	0.0637087599544937	0.286689419795222	0.0193401592718999	0	0	0.549488054607508	0	0	0	0	0.080773606370876
year2019_soil_P24_adaptertrimmed_Pythium_R1.fastq	0	0.00805369127516779	0.158389261744966	0.14496644295302	0	0.159731543624161	0.0187919463087248	0.0630872483221477	0	0.0161073825503356	0
year2019_soil_P25_adaptertrimmed_Pythium_R1.fastq	0.0372736954206603	0.00425985090521832	0	0.0756123535676251	0.124600638977636	0.391906283280085	0	0	0.0276890308839191	0	0
year2019_soil_P26_adaptertrimmed_Pythium_R1.fastq	0.153539381854437	0	0	0	0.0558325024925224	0.36889332003988	0.138085742771685	0	0.23678963110668	0	0
year2019_soil_P27_adaptertrimmed_Pythium_R1.fastq	0.0198019801980198	0.0264026402640264	0	0.280528052805281	0.217821782178218	0	0	0	0	0	0
year2019_soil_P28_adaptertrimmed_Pythium_R1.fastq	0.025615763546798	0	0	0.038423645320197	0.190147783251232	0	0	0	0.335960591133005	0	0
year2019_soil_P29_adaptertrimmed_Pythium_R1.fastq	0.0321469575200918	0	0	0.0700344431687715	0.228473019517796	0	0	0	0.166475315729047	0	0
year2019_soil_P3_adaptertrimmed_Pythium_R1.fastq	0.0113475177304965	0.176359338061466	0.0789598108747045	0	0	0	0.0113475177304965	0	0.303073286052009	0.0099290780141844	0
year2019_soil_P30_adaptertrimmed_Pythium_R1.fastq	0.148148148148148	0	0.267489711934156	0.349794238683128	0	0	0	0	0.065843621399177	0.0164609053497942	0
year2019_soil_P31_adaptertrimmed_Pythium_R1.fastq	0.0489045383411581	0.483176838810642	0.0066510172143975	0	0.0457746478873239	0.113458528951487	0	0	0.0144757433489828	0	0
year2019_soil_P32_adaptertrimmed_Pythium_R1.fastq	0	0.762834417932032	0.0292841648590022	0	0.165582067968185	0	0.00831525668835864	0	0	0	0.0249457700650759
year2019_soil_P33_adaptertrimmed_Pythium_R1.fastq	0	0.732609433322022	0.0536138445877163	0	0.0105191720393621	0.0943332202239566	0.00305395317271802	0	0	0	0
year2019_soil_P34_adaptertrimmed_Pythium_R1.fastq	0.0291734197730956	0.0288492706645057	0.0453808752025932	0.502431118314425	0.0353322528363047	0.026580226904376	0.00259319286871961	0	0.187682333873582	0	0.13419773095624
year2019_soil_P35_adaptertrimmed_Pythium_R1.fastq	0	0.503462603878116	0	0	0.124653739612188	0	0	0	0	0	0.00554016620498615
year2019_soil_P36_adaptertrimmed_Pythium_R1.fastq	0	0.898492907801418	0	0	0.0181737588652482	0.0589539007092199	0	0	0.0243794326241135	0	0
year2019_soil_P37_adaptertrimmed_Pythium_R1.fastq	0.00819672131147541	0.64207650273224	0	0.0182149362477231	0.0191256830601093	0.0127504553734062	0	0	0.0956284153005464	0	0.0273224043715847
year2019_soil_P38_adaptertrimmed_Pythium_R1.fastq	0	0.099935107073329	0	0.0045425048669695	0.00227125243348475	0.102530824140169	0	0.00194678780012979	0	0	0
year2019_soil_P39_adaptertrimmed_Pythium_R1.fastq	0	0.165671641791045	0	0	0.0477611940298507	0.0149253731343284	0	0	0	0	0
year2019_soil_P4_adaptertrimmed_Pythium_R1.fastq	0.051237766263673	0.134715025906736	0.238341968911917	0	0	0	0	0	0.145077720207254	0	0
year2019_soil_P40_adaptertrimmed_Pythium_R1.fastq	0	0	0.0435267857142857	0.0078125	0.163504464285714	0	0	0.0245535714285714	0.362723214285714	0.0825892857142857	0
year2019_soil_P41_adaptertrimmed_Pythium_R1.fastq	0.00710563713879678	0.0194220748460445	0	0	0.0307910942681194	0.517764092846992	0	0	0.039791567977262	0.0701089531027949	0.281856939838939
year2019_soil_P42_adaptertrimmed_Pythium_R1.fastq	0.00803120697567692	0.465580541532813	0.0810004589261129	0.0126204681046352	0.0335016062413951	0.0018357044515833	0	0.00137677833868747	0.280862781092244	0.0119320789352914	0
year2019_soil_P43_adaptertrimmed_Pythium_R1.fastq	0	0	0	0.291984732824427	0	0.0648854961832061	0	0	0.643129770992366	0	0
year2019_soil_P44_adaptertrimmed_Pythium_R1.fastq	0.0530448104174646	0.41976254308694	0.446955189582535	0	0	0.000574492531597089	0.0088088854844887	0	0.0446189199540406	0.0141708157793949	0
year2019_soil_P45_adaptertrimmed_Pythium_R1.fastq	0.0608294930875576	0	0	0.63778801843318	0.0571428571428571	0	0	0	0.03963133640553	0.0617511520737327	0
year2019_soil_P5_adaptertrimmed_Pythium_R1.fastq	0	0.374289772727273	0.220170454545455	0	0	0	0.00497159090909091	0.0262784090909091	0.368607954545455	0	0.00568181818181818
year2019_soil_P6_adaptertrimmed_Pythium_R1.fastq	0.120612951062778	0	0.680672268907563	0	0	0	0.0143351458230351	0	0	0.0128521997034108	0
year2019_soil_P7_adaptertrimmed_Pythium_R1.fastq	0.0376175548589342	0	0.166144200626959	0	0	0	0.0203761755485893	0	0.0532915360501567	0	0
year2019_soil_P8_adaptertrimmed_Pythium_R1.fastq	0.291666666666667	0	0.10969387755102	0.0306122448979592	0	0	0	0	0.0255102040816327	0	0
year2019_soil_P9_adaptertrimmed_Pythium_R1.fastq	0.0362694300518135	0.035405872193437	0.22279792746114	0.0267702936096718	0	0.0250431778929188	0.035405872193437	0.0155440414507772	0.544905008635579	0.0103626943005181	0
year2020_soil_P1_adaptertrimmed_Pythium_R1.fastq	0.161654038118389	0.696785538803693	0.0199643124983837	0	0.0504279914143112	0	0.00369805270371616	0.00276707440068272	0.0371874111045023	0.0114303447205772	0.00333600558586982
year2020_soil_P10_adaptertrimmed_Pythium_R1.fastq	0.324792088109688	0	0	0.0428560725256612	0	0	0	0	0.104817561998951	0	0
year2020_soil_P13_adaptertrimmed_Pythium_R1.fastq	0.0420910061730003	0.317974630792071	0.0107571692756492	0	0.386659026385018	0	0.0268017607376345	0.00166697054150496	0.0978563800692835	0.0204203891334358	0.000573021123642331
year2020_soil_P14_adaptertrimmed_Pythium_R1.fastq	0.0925925925925926	0.00495565988523735	0.0169535732916015	0.0268648930620762	0.0571205007824726	0	0.0346896191966614	0.0699008868022953	0.0380803338549817	0	0.286124152321335
year2020_soil_P15_adaptertrimmed_Pythium_R1.fastq	0.118356514939696	0.109541975688932	0.000308034973817027	0.00284339975831102	0.130796388882307	0.478710044309646	0.0097860341681871	0.0264199227543066	0.0552567353031775	0.0171314835438239	0.0120844489728218
year2020_soil_P16_adaptertrimmed_Pythium_R1.fastq	0	0	0	0.0801022835394862	0.0240247383444339	0.000535204567078972	0.138677450047574	0	0	0	0.257730732635585
year2020_soil_P17_adaptertrimmed_Pythium_R1.fastq	0.0314438502673797	0.352610597958192	0.0124064171122995	0.000213903743315508	0.183840544482256	0	0.00206125425376762	0.237938745746232	0.0481088964511424	0.111171609139524	0
year2020_soil_P19_adaptertrimmed_Pythium_R1.fastq	0.512464294988315	0.000649182030641392	0	0.167683718514672	0.017268242015061	0	0.0132433134250844	0	0.267917424045702	0	0
year2020_soil_P2_adaptertrimmed_Pythium_R1.fastq	0.00395101942333213	0.00717818795994692	0	0.699571721558692	0	0	0.00956086379539148	0	0.279738207262637	0	0
year2020_soil_P20_adaptertrimmed_Pythium_R1.fastq	0.227423459551168	0.155548700547544	0.0268373563661603	0.0107195187784376	0.183928433716357	0	0.0474280866815763	0	0.022981414359528	0	0.0908459936762551
year2020_soil_P24_adaptertrimmed_Pythium_R1.fastq	0.0253824756606398	0.0465924895688456	0	0.10413769123783	0.0389429763560501	0.568324061196106	0.11143949930459	0.0531988873435327	0.0267732962447844	0	0.0205146036161335
year2020_soil_P25_adaptertrimmed_Pythium_R1.fastq	0.00730525822329869	0.0586373935463708	0	0.170052347839675	0.0205875459020236	0.474451128994453	0.147824048753809	0.00777404484725369	0.0145323853426049	0.0289866395812173	0.0223064301898586
year2020_soil_P26_adaptertrimmed_Pythium_R1.fastq	0.0244956130583886	0	0.00391929808934218	0	0.0599919832539082	0.554892441989934	0.0583886340355409	0.0142519930521534	0	0.021511602013094	0.17676925132499
year2020_soil_P27_adaptertrimmed_Pythium_R1.fastq	0.0235288113101618	0.141581176950952	0.216965242688715	0.0593068953197571	0.0274077476649824	0.000153115908742918	0	0	0.2973000561425	0.00842137498086051	0
year2020_soil_P28_adaptertrimmed_Pythium_R1.fastq	0.103826393681466	0.0547504025764895	0	0.0202438463308029	0.156583084119316	0.0312092630933211	0.408941032129438	0	0.000230043708304578	0	0
year2020_soil_P29_adaptertrimmed_Pythium_R1.fastq	0	0	0	0.0837520332550154	0.000144587023314657	0	0.000867522139887945	0	0.812470630760889	0	0
year2020_soil_P3_adaptertrimmed_Pythium_R1.fastq	0.420426442082748	0.032350778691264	0.0361606844462269	0	0	0	0.0482588062295301	0	0.438740725887307	0	0.002940979881024
year2020_soil_P30_adaptertrimmed_Pythium_R1.fastq	0.0715229096820075	0.382810118866199	0	0.0310372853804734	0.0639032815198618	0.0033526363913441	0	0	0.0401300416539673	0	0
year2020_soil_P31_adaptertrimmed_Pythium_R1.fastq	0.13036575562701	0.302773311897106	0	0.0375602893890675	0.258500803858521	0.198975080385852	0	0	0.0340635048231511	0	0
year2020_soil_P32_adaptertrimmed_Pythium_R1.fastq	0	0.288289815756754	0	0.0445348705775969	0.00406917599186165	0.0395614332542105	0.141855996382955	0	0	0	0
year2020_soil_P33_adaptertrimmed_Pythium_R1.fastq	0	0	0	0	0.428571428571429	0	0	0	0.571428571428571	0	0
year2020_soil_P34_adaptertrimmed_Pythium_R1.fastq	0	1	0	0	0	0	0	0	0	0	0
year2020_soil_P36_adaptertrimmed_Pythium_R1.fastq	0.493472584856397	0	0	0.328328981723238	0.178198433420366	0	0	0	0	0	0
year2020_soil_P37_adaptertrimmed_Pythium_R1.fastq	NA	NA	NA	NA	NA	NA	NA	NA	NA	NA	NA
year2020_soil_P38_adaptertrimmed_Pythium_R1.fastq	0	0	0	0	0	0	0	0	0	0	0
year2020_soil_P39_adaptertrimmed_Pythium_R1.fastq	0	0	0	0	0	0	0	0	1	0	0
year2020_soil_P4_adaptertrimmed_Pythium_R1.fastq	0	0.343186733958183	0	0	0	0	0	0	0.656813266041817	0	0
year2020_soil_P40_adaptertrimmed_Pythium_R1.fastq	0.0069060773480663	0	0	0	0	0	0	0	0	0	0
year2020_soil_P41_adaptertrimmed_Pythium_R1.fastq	1	0	0	0	0	0	0	0	0	0	0
year2020_soil_P42_adaptertrimmed_Pythium_R1.fastq	0.610473428373024	0.0248764347861607	0.0758547444957314	0	0.0392140843919775	0	0.0244679547404109	0	0.20840651934153	0.00588211265879662	0
year2020_soil_P43_adaptertrimmed_Pythium_R1.fastq	0.200963670475866	0.0448575814429473	0.0307436465973051	0.024859287054409	0.042725567115811	0	0.0210643015521064	0	0.351398601398601	0.171286031042129	0.00511683438512707
year2020_soil_P44_adaptertrimmed_Pythium_R1.fastq	0.222162863466382	0.28184385255285	0.0152255208730825	0.00725024803480119	0.0168663664809586	0	0.187399832099519	0	0.0314431809509273	0.0151492024727162	0.0080897504388308
year2020_soil_P45_adaptertrimmed_Pythium_R1.fastq	0.0956303421817259	0.269485740077294	0	0.00448531693418714	0.223617027278626	0.0750655871815848	0	0	0.0385342322773562	0.110496770007617	0
year2020_soil_P5_adaptertrimmed_Pythium_R1.fastq	0	0.388410336726703	0	0	0.0158183241973375	0.396711041503524	0	0	0.0537196554424432	0.0614722004698512	0.0464369616288175
year2020_soil_P6_adaptertrimmed_Pythium_R1.fastq	0	1	0	0	0	0	0	0	0	0	0
year2020_soil_P7_adaptertrimmed_Pythium_R1.fastq	NA	NA	NA	NA	NA	NA	NA	NA	NA	NA	NA
year2020_soil_P8_adaptertrimmed_Pythium_R1.fastq	0.347657824719826	0	0	0.011529468676933	0.051519793598323	0	0.0114488430218496	0	0.205595420462791	0	0.0361202934773845
year2020_soil_P9_adaptertrimmed_Pythium_R1.fastq	0.332111385266126	0	0.0466690165667959	0	0.12301727176595	0	0	0	0.261825872400423	0	0
year2021_soil_P1_adaptertrimmed_Pythium_R1.fastq	0.0234933605720123	0.642492339121553	0	0	0.10929519918284	0.0316649642492339	0	0	0	0	0.193054136874362
year2021_soil_P10_adaptertrimmed_Pythium_R1.fastq	0.032191265060241	0.00489457831325301	0.237010542168675	0	0.192959337349398	0	0.00338855421686747	0	0.526355421686747	0	0
year2021_soil_P11_adaptertrimmed_Pythium_R1.fastq	0.0543842836607571	0	0	0	0.216818399616675	0.470531863919502	0	0	0.18471490177288	0	0.0218016291327264
year2021_soil_P12_adaptertrimmed_Pythium_R1.fastq	0.794117647058823	0	0	0	0	0	0	0	0.0514705882352941	0	0.139705882352941
year2021_soil_P13_adaptertrimmed_Pythium_R1.fastq	0.00854179377669311	0.12568639414277	0	0	0	0	0	0	0.355704697986577	0	0
year2021_soil_P14_adaptertrimmed_Pythium_R1.fastq	0	0	0	0	0	0	0	0	0	0	0.0556962025316456
year2021_soil_P15_adaptertrimmed_Pythium_R1.fastq	0.0150310988251555	0.215618521078093	0	0	0.329129232895646	0	0.00708362128541811	0.111610228058051	0.294920525224603	0.0184865238424326	0
year2021_soil_P16_adaptertrimmed_Pythium_R1.fastq	0	0	0	0	0.146835443037975	0.174683544303797	0	0	0	0	0.678481012658228
year2021_soil_P17_adaptertrimmed_Pythium_R1.fastq	0.0464252553389044	0.207985143918292	0.171773444753946	0	0.00974930362116992	0	0.010677808727948	0.214484679665738	0.303621169916435	0.0352831940575673	0
year2021_soil_P18_adaptertrimmed_Pythium_R1.fastq	0.0769230769230769	0	0	0	0	0	0	0.440071556350626	0.343470483005367	0.13953488372093	0
year2021_soil_P19_adaptertrimmed_Pythium_R1.fastq	0.0638796639968744	0.002539558507521	0	0.558116819691346	0.00410236374291854	0.192225043953897	0	0.00214885719867162	0.0373119749951162	0	0
year2021_soil_P20_adaptertrimmed_Pythium_R1.fastq	0.194244604316547	0.384892086330935	0	0	0.266187050359712	0	0.039568345323741	0	0.0539568345323741	0	0
year2021_soil_P21_adaptertrimmed_Pythium_R1.fastq	0.259259259259259	0	0	0	0	0	0	0	0.181818181818182	0.0841750841750842	0
year2021_soil_P22_adaptertrimmed_Pythium_R1.fastq	0.023183120604324	0.276634540244855	0	0	0.0161500390726752	0.0565251367543631	0	0.0114613180515759	0.568116697056525	0.0197968220890857	0
year2021_soil_P23_adaptertrimmed_Pythium_R1.fastq	0.165915238954013	0	0	0	0.757439134355275	0	0	0	0.0766456266907124	0	0
year2021_soil_P24_adaptertrimmed_Pythium_R1.fastq	0	0.0347125798389336	0	0.720910858094974	0.117745070813663	0.0505415162454874	0	0.067481255206887	0	0.00694251596778673	0
year2021_soil_P25_adaptertrimmed_Pythium_R1.fastq	0	0	0	0	0	0	0	0	0	1	0
year2021_soil_P26_adaptertrimmed_Pythium_R1.fastq	0	0.514020393299344	0.150218499635834	0	0.00145666423889294	0	0.00782957028404953	0	0.31536780772032	0	0
year2021_soil_P27_adaptertrimmed_Pythium_R1.fastq	0.172764227642276	0.258130081300813	0	0.142276422764228	0.290650406504065	0	0.024390243902439	0	0	0.0203252032520325	0
year2021_soil_P28_adaptertrimmed_Pythium_R1.fastq	0	0.0813008130081301	0	0	0	0	0	0	0.235264227642276	0	0.021849593495935
year2021_soil_P29_adaptertrimmed_Pythium_R1.fastq	0.0137857900318134	0	0	0.0784729586426299	0.0767055496641923	0.00883704489218805	0	0	0.330151997172146	0	0
year2021_soil_P30_adaptertrimmed_Pythium_R1.fastq	0	0.313773631230052	0	0.0775840903510926	0.232997790326541	0	0	0	0.126933464276946	0	0
year2021_soil_P31_adaptertrimmed_Pythium_R1.fastq	0	0	0	0	0	0	0.0662251655629139	0	0	0	0.781456953642384
year2021_soil_P32_adaptertrimmed_Pythium_R1.fastq	0	0.872985418265541	0	0	0	0.0153491941673062	0	0	0	0	0
year2021_soil_P33_adaptertrimmed_Pythium_R1.fastq	0	0.525862068965517	0	0	0.267241379310345	0	0	0	0.206896551724138	0	0
year2021_soil_P34_adaptertrimmed_Pythium_R1.fastq	0.0055005500550055	0.140569612516807	0.00281139225033614	0.633174428553967	0	0.126145947928126	0	0	0.0449822760053783	0	0
year2021_soil_P35_adaptertrimmed_Pythium_R1.fastq	0	0.437916844047112	0.053639846743295	0.0191570881226054	0.070810273875408	0.0195828011919966	0	0	0	0	0
year2021_soil_P36_adaptertrimmed_Pythium_R1.fastq	0.0599369085173502	0	0.0485015772870662	0.79692429022082	0	0	0	0	0.0926656151419558	0	0
year2021_soil_P37_adaptertrimmed_Pythium_R1.fastq	0	0.14858934169279	0	0	0	0.341483803552769	0	0.00376175548589342	0.070846394984326	0	0.27042842215256
year2021_soil_P38_adaptertrimmed_Pythium_R1.fastq	0	0.408857509627728	0.00304878048780488	0	0.0309691912708601	0.152439024390244	0	0	0.0150834403080873	0	0.0341784338896021
year2021_soil_P39_adaptertrimmed_Pythium_R1.fastq	0	0.121191450659391	0.00773078672123693	0	0	0.150977717144156	0	0	0.115734424738518	0.0572987721691678	0.514097316962256
year2021_soil_P40_adaptertrimmed_Pythium_R1.fastq	0	0.103728623493131	0.016260162601626	0	0.00560695262125035	0.757779646761985	0	0.00280347631062518	0.0095318194561256	0.016260162601626	0.0535463975329408
year2021_soil_P41_adaptertrimmed_Pythium_R1.fastq	0	0.882573179033356	0.0068073519400953	0	0.0534377127297481	0	0	0	0.0411844792375766	0.015997277059224	0
year2021_soil_P42_adaptertrimmed_Pythium_R1.fastq	0	0.467805519053876	0.011826544021025	0	0.0325886990801577	0	0.0346911957950066	0.0210249671484888	0.146911957950066	0	0
year2021_soil_P43_adaptertrimmed_Pythium_R1.fastq	0.0613652868554829	0.31118373275236	0.0468409586056645	0	0.0261437908496732	0	0	0	0.487291212781409	0	0
year2021_soil_P44_adaptertrimmed_Pythium_R1.fastq	0.00800800800800801	0.028028028028028	0.0495495495495495	0	0.249249249249249	0.0695695695695696	0	0	0.595595595595596	0	0
year2021_soil_P45_adaptertrimmed_Pythium_R1.fastq	0	0.298804780876494	0	0.0637450199203187	0	0	0	0	0.374501992031873	0	0
year2021_soil_P46_adaptertrimmed_Pythium_R1.fastq	0.0203829524397776	0.0457072266831377	0.00494132180358246	0.0311920938851143	0.10129709697344	0.0435453983940704	0.00494132180358246	0	0.548486720197653	0	0
year2021_soil_P48_adaptertrimmed_Pythium_R1.fastq	0	0	0	0	0	0	1	0	0	0	0
year2021_soil_P49_adaptertrimmed_Pythium_R1.fastq	0	0.628712871287129	0	0	0	0.183168316831683	0.0148514851485149	0	0	0	0
year2021_soil_P6_adaptertrimmed_Pythium_R1.fastq	0.0489596083231334	0.0440636474908201	0	0	0	0	0.0673194614443084	0	0	0.0575275397796818	0
year2021_soil_P7_adaptertrimmed_Pythium_R1.fastq	0	0.0559638213680045	0	0.0146975692481628	0.275862068965517	0.00678349349915206	0	0	0.577162238552855	0	0
year2021_soil_P8_adaptertrimmed_Pythium_R1.fastq	0.00121817517358996	0	0.00109635765623097	0	0.967901084175904	0	0	0	0.00140090144962846	0	0
year2021_soil_P9_adaptertrimmed_Pythium_R1.fastq	0.00401808136614766	0	0.00885233550979407	0.00100452034153692	0	0	0	0	0.00797338021094927	0	0
